199
26
60
47
117
22
95
158
94
1372
1470
20
89
62
54
200
94
21
202
13
39
25
263
9
32
51
99
646
71
192
274
57
59
94
7
763
122
77
167
178
3
3
81
19
47
392
831
78
20
128
650
226
422
62
116
167
100
1
49
117
336
1558
1276
9
39
71
14
823
1207
265
1244
195
149
11
224
1245
202
122
41
106
207
330
1402
9
125
35
189
1329
195
55
69
52
752
411
1138
123
1098
57
14
14
138
136
222
65
26
87
372
696
83
157
1390
55
1429
56
11
644
45
211
8
190
25
132
111
13
768
299
1136
81
82
230
161
161
123
192
217
5
99
94
678
198
776
18
231
133
1353
33
425
1250
47
36
287
187
38
5
300
1472
272
4
77
213
80
41
56
164
119
17
215
254
341
68
619
27
196
213
63
10
57
179
131
640
184
14
147
39
36
24
72
417
181
243
184
63
14
778
2
1264
1205
7
42
57
