256871 0
261005 0
284356 0
501831 48
609064 0
636936 232
657650 69
685739 0
846030 532
1068865 2048
1182149 813
1577824 0
1584675 0
1666429 15
1991481 0
2041595 269287
2057209 0
2145031 283574
2146718 1202
2303361 0
2360931 3188
2434624 0
2436098 1105
2582950 56
2662354 1
2678895 1765
2718415 891
2809244 95
2950110 1
3036653 1631
3073239 535
3177201 5
3186969 1871
3189861 1421
3206894 51
3251166 1
3378034 450552
3415395 0
3516472 469187
3561331 7232
3587280 478792
4036870 2900
4165170 17
4166932 0
4335855 38
4535883 0
4589219 6414
4785479 430
4905462 148
5125504 684610
5126879 684828
5142770 3744
5196342 0
5249013 0
5337133 6721
5435301 4356
5522485 14201
5547116 510
5671343 34
5838235 1025
6266538 223
6288608 0
6633792 172
6635546 0
6693332 503
6722954 13157
6777369 24
6856967 5
6857736 87
7156173 11854
7474890 359
7495095 19203
7607115 995794
7803755 0
7963638 0
7985103 235
8007071 2969
8319894 0
8648837 5336
8924363 842
9116258 2824
9136877 130404
9385316 2717
9631203 339
9632072 74752
9748222 12873
9875998 0
9879019 13376
10251292 0
10252496 0
10342630 7103
10566314 7537
10609278 6123
10895186 2986
11009356 24
11207091 95
11209496 2684
11233562 171
11381782 2544
11562613 1611
11577297 73
11734961 1474979
11864495 14546
11930275 1501215
11949768 772
12144201 161
12146118 1529608
12262447 8833
12289310 12
12602742 2922
12650459 182061
12665749 7441
12723234 40
12806139 27042
12868563 4613
13140422 1661805
13169585 19
13405950 12994
13557454 17193
13636642 1728744
13916131 10969
13928872 17
14024062 120201
14162487 654
14269215 27502
14444508 15338
14466362 209002
14540749 1845741
14584058 1728
14607685 8154
14693674 1865544
14715909 2389
14819146 367
14880601 7363
15009329 912
15009956 285
15072836 1915374
15390397 17
15422961 9407
15490530 14
16139743 3
16217309 2964
16343486 14020
16366486 9715
16409022 12459
16632128 1610
16647383 12764
16663743 96
16679605 45
16746422 0
17090870 163
17120818 1783
17210922 0
17341812 71
17376853 12
17436797 170
17902876 2277088
17906382 13260
18381052 8676
18466333 18
18645832 1284
18743695 98
18823855 476
18911980 6420
18941185 1763
19243365 2915
19259850 6568
19357078 1
19383584 1878
19427179 259
19468631 754
19538662 50
19577796 1814
19766973 3918
19832383 2514195
19840787 4517
19844567 18
20051572 2350
20066544 1291
20229791 345
20310707 8685
20720021 9255
20754119 716
21046224 12265
21154479 491
21279050 27
21362109 2154
21400006 5690
21426925 55107
21472209 65
21543140 451
21645945 2988
21901625 51
21905676 2789023
21921064 13469
22387984 11
22453999 1047
22760558 28432
22825919 372
22834176 760
